image: blank_map.pgm
resolution: 0.050000
origin: [-65.000000, -65.000000, 0]
negate: 0
occupied_thresh: 0.65
free_thresh: 0.196 

